%YAML:1.0
---
type: IMU
name: d455
Gyr:
   unit: " rad/s"
   avg-axis:
      gyr_n: 1.8958768066959324e-03
      gyr_w: 1.6375844179549115e-05
   x-axis:
      gyr_n: 2.1813031579696095e-03
      gyr_w: 1.6594273260245914e-05
   y-axis:
      gyr_n: 2.1009637227055607e-03
      gyr_w: 1.7116735138498310e-05
   z-axis:
      gyr_n: 1.4053635394126276e-03
      gyr_w: 1.5416524139903110e-05
Acc:
   unit: " m/s^2"
   avg-axis:
      acc_n: 9.6024027175433211e-03
      acc_w: 2.0212201854996818e-04
   x-axis:
      acc_n: 9.8086459263227767e-03
      acc_w: 1.9825042230404340e-04
   y-axis:
      acc_n: 7.3865043464690899e-03
      acc_w: 2.2841811627657190e-04
   z-axis:
      acc_n: 1.1612057879838102e-02
      acc_w: 1.7969751706928928e-04
