%YAML:1.0
---
type: IMU
name: zed2i
Gyr:
   unit: " rad/s"
   avg-axis:
      gyr_n: 1.2229434807450293e-03
      gyr_w: 1.8786292747692643e-06
   x-axis:
      gyr_n: 1.1754305619785825e-03
      gyr_w: 1.1522286768338656e-06
   y-axis:
      gyr_n: 1.1836487416624353e-03
      gyr_w: 2.0314521719192990e-06
   z-axis:
      gyr_n: 1.3097511385940697e-03
      gyr_w: 2.4522069755546279e-06
Acc:
   unit: " m/s^2"
   avg-axis:
      acc_n: 1.4644176277118922e-02
      acc_w: 4.7513689525581943e-04
   x-axis:
      acc_n: 1.5667496597203928e-02
      acc_w: 3.1612888047602948e-04
   y-axis:
      acc_n: 1.2144226423566650e-02
      acc_w: 3.1505621807056169e-04
   z-axis:
      acc_n: 1.6120805810586190e-02
      acc_w: 7.9422558722086706e-04
