%YAML:1.0
---
type: IMU
name: zed2i
Gyr:
   unit: " rad/s"
   avg-axis:
      gyr_n: 1.2851830441529502e-03
      gyr_w: 6.3130473006419489e-06
   x-axis:
      gyr_n: 1.3295096109501873e-03
      gyr_w: 5.3403880789650000e-06
   y-axis:
      gyr_n: 1.2206177149054179e-03
      gyr_w: 6.7350384248978248e-06
   z-axis:
      gyr_n: 1.3054218066032453e-03
      gyr_w: 6.8637153980630211e-06
Acc:
   unit: " m/s^2"
   avg-axis:
      acc_n: 1.5090323007733409e-02
      acc_w: 4.9835219973498504e-04
   x-axis:
      acc_n: 1.5816041921458891e-02
      acc_w: 2.7993858117965174e-04
   y-axis:
      acc_n: 1.1776424560530099e-02
      acc_w: 2.5027627259136914e-04
   z-axis:
      acc_n: 1.7678502541211238e-02
      acc_w: 9.6484174543393412e-04
